1634
-31.2839 -11.766
-31.2901 -11.7163
-31.2803 -11.7145
-31.3464 -11.6653
-31.3537 -11.6567
-31.4164 -11.6014
-31.4713 -11.5383
-31.5535 -11.4662
-31.6303 -11.4071
-31.7333 -11.3507
-31.8281 -11.2933
-31.9225 -11.2303
-32.0184 -11.164
-32.1064 -11.1082
-32.1863 -11.0502
-32.2671 -10.9835
-32.3519 -10.9237
-32.4435 -10.8701
-32.525 -10.813
-32.6117 -10.7529
-32.697 -10.6937
-32.783 -10.6388
-32.8688 -10.588
-32.9477 -10.5233
-33.0218 -10.4533
-33.0912 -10.389
-33.1646 -10.3217
-33.2398 -10.2535
-33.3178 -10.1794
-33.385 -10.1026
-33.4499 -10.0226
-33.5128 -9.93659
-33.5809 -9.85931
-33.6541 -9.78771
-33.7267 -9.7157
-33.7999 -9.6406
-33.8688 -9.56583
-33.9425 -9.49132
-34.0121 -9.41616
-34.0837 -9.34151
-34.1573 -9.27049
-34.1923 -9.22752
-34.2402 -9.15812
-34.2762 -9.09292
-34.3243 -8.98786
-34.3711 -8.88398
-34.4225 -8.78385
-34.442 -8.73872
-34.4542 -8.70257
-34.4598 -8.6651
-34.4641 -8.63423
-34.4675 -8.6082
-34.4656 -8.56101
-34.4599 -8.50364
-34.4479 -8.42552
-34.436 -8.37249
-34.4276 -8.3373
-34.4219 -8.31732
-34.4055 -8.28634
-34.3847 -8.25182
-34.3614 -8.21869
-34.313 -8.16737
-34.2409 -8.09481
-34.1689 -8.02169
-34.1271 -7.98166
-34.0979 -7.95816
-34.0507 -7.92486
-33.991 -7.88918
-33.9348 -7.86081
-33.8542 -7.82939
-33.7194 -7.78312
-33.5889 -7.7356
-33.4617 -7.68483
-33.3378 -7.63394
-33.2128 -7.58042
-33.0907 -7.51962
-33.0422 -7.49675
-32.9145 -7.46039
-32.7927 -7.42698
-32.6694 -7.3933
-32.54 -7.3477
-32.4095 -7.29454
-32.2759 -7.23874
-32.1466 -7.18155
-32.0183 -7.12851
-31.8889 -7.07536
-31.7636 -7.01262
-31.6468 -6.94565
-31.5445 -6.8805
-31.4473 -6.8048
-31.3627 -6.72819
-31.2952 -6.65613
-31.2245 -6.56965
-31.1574 -6.48811
-31.1397 -6.47071
-31.1255 -6.45329
-31.1113 -6.44035
-31.098 -6.42908
-31.0809 -6.41752
-31.0661 -6.40869
-31.0498 -6.39826
-31.0232 -6.38667
-30.99 -6.38404
-30.9358 -6.38288
-30.8745 -6.38352
-30.7704 -6.38946
-30.6692 -6.39147
-30.5621 -6.39559
-30.4877 -6.39685
-30.4437 -6.39664
-30.4047 -6.3832
-30.3713 -6.37487
-30.3423 -6.36589
-30.3171 -6.35108
-30.2954 -6.34123
-30.279 -6.32757
-30.262 -6.31091
-30.2467 -6.29859
-30.2333 -6.2836
-30.2215 -6.26717
-30.2107 -6.25428
-30.2034 -6.24354
-30.1971 -6.22851
-30.1913 -6.21201
-30.1862 -6.19506
-30.1824 -6.17836
-30.1761 -6.15853
-30.1732 -6.13127
-30.173 -6.10858
-30.1741 -6.08105
-30.1792 -6.05048
-30.1875 -6.01976
-30.2058 -5.97651
-30.2376 -5.91581
-30.2924 -5.82418
-30.3586 -5.72007
-30.4225 -5.61716
-30.4823 -5.5108
-30.5126 -5.43917
-30.5392 -5.37161
-30.5684 -5.26785
-30.5957 -5.14298
-30.615 -5.0171
-30.6361 -4.89684
-30.6426 -4.84469
-30.6428 -4.80032
-30.6398 -4.76058
-30.6368 -4.72224
-30.6285 -4.67875
-30.6191 -4.64133
-30.608 -4.60978
-30.593 -4.57539
-30.5624 -4.5225
-30.5122 -4.45195
-30.4779 -4.41076
-30.4459 -4.3747
-30.4146 -4.34634
-30.3752 -4.31722
-30.264 -4.25102
-30.1517 -4.18327
-30.0402 -4.11306
-29.9315 -4.0418
-29.8276 -3.96727
-29.7249 -3.89488
-29.6204 -3.81994
-29.5182 -3.74654
-29.4163 -3.67187
-29.3137 -3.59705
-29.2101 -3.51984
-29.1261 -3.4594
-29.0823 -3.42017
-29.0442 -3.38041
-29.0084 -3.33019
-28.9783 -3.28603
-28.9596 -3.25064
-28.9436 -3.21665
-28.9328 -3.1895
-28.9255 -3.16121
-28.9171 -3.11185
-28.907 -3.00555
-28.8981 -2.8985
-28.8883 -2.79464
-28.88 -2.70216
-28.8771 -2.68242
-28.8745 -2.66542
-28.8697 -2.64936
-28.8626 -2.63116
-28.8558 -2.61508
-28.8446 -2.60052
-28.8346 -2.58606
-28.8217 -2.57351
-28.8064 -2.55967
-28.762 -2.5269
-28.6527 -2.45433
-28.5454 -2.38071
-28.4437 -2.30588
-28.3471 -2.22791
-28.2792 -2.1702
-28.2464 -2.13647
-28.2205 -2.10633
-28.194 -2.06814
-28.1425 -1.9778
-28.0936 -1.88288
-28.0437 -1.78869
-27.993 -1.69553
-27.9425 -1.6068
-27.8881 -1.51381
-27.8376 -1.42348
-27.7908 -1.32976
-27.7489 -1.23572
-27.7113 -1.14072
-27.6755 -1.04032
-27.6396 -0.940918
-27.5991 -0.846512
-27.56 -0.748725
-27.5232 -0.655267
-27.4826 -0.559983
-27.4566 -0.500243
-27.4492 -0.47968
-27.4405 -0.463293
-27.4341 -0.448065
-27.4097 -0.420529
-27.3155 -0.341263
-27.2208 -0.258841
-27.1551 -0.206389
-27.1261 -0.18395
-27.102 -0.170776
-27.078 -0.159473
-27.0318 -0.141957
-26.9242 -0.109876
-26.812 -0.0773474
-26.7027 -0.0416381
-26.6207 -0.0126012
-26.5529 0.0208575
-26.4822 0.0643881
-26.4131 0.114075
-26.3541 0.166202
-26.2912 0.224478
-26.2273 0.300182
-26.1681 0.383208
-26.1187 0.463109
-26.0978 0.5033
-26.0833 0.532497
-26.0675 0.585633
-26.0441 0.683519
-26.0256 0.784401
-26.0047 0.882484
-25.982 0.983283
-25.9568 1.08379
-25.9261 1.17716
-25.8978 1.27171
-25.8677 1.36953
-25.8415 1.44718
-25.8284 1.48207
-25.8178 1.508
-25.7883 1.55201
-25.7137 1.6451
-25.6369 1.73629
-25.5936 1.79208
-25.5834 1.80989
-25.5549 1.87441
-25.5172 1.96976
-25.4793 2.07054
-25.463 2.11074
-25.4493 2.13974
-25.433 2.16342
-25.413 2.19203
-25.3385 2.26168
-25.2434 2.34749
-25.1478 2.43666
-25.0567 2.52829
-25.0318 2.55361
-24.9625 2.60517
-24.8508 2.66607
-24.7355 2.72863
-24.6225 2.79628
-24.5117 2.86607
-24.4013 2.93822
-24.29 3.01153
-24.1823 3.08641
-24.0758 3.16243
-24.0218 3.2019
-23.9899 3.22017
-23.9547 3.23968
-23.9058 3.25768
-23.8023 3.28474
-23.6958 3.30903
-23.5939 3.33424
-23.4895 3.3664
-23.3849 3.40426
-23.2781 3.44954
-23.1698 3.49713
-23.0634 3.54485
-22.9554 3.59695
-22.9025 3.63475
-22.8212 3.69679
-22.714 3.78992
-22.6061 3.88884
-22.4981 3.98658
-22.3924 4.08043
-22.3108 4.16299
-22.251 4.22435
-22.2137 4.27182
-22.1863 4.3141
-22.1404 4.40411
-22.0954 4.50453
-22.0561 4.60197
-22.0278 4.68173
-22.0142 4.73879
-22.0046 4.78287
-21.9962 4.86785
-21.9936 4.97089
-21.9931 5.07656
-21.9909 5.18232
-21.9883 5.28587
-21.9868 5.3921
-21.9879 5.49537
-21.9881 5.60452
-21.9901 5.71014
-21.9999 5.81555
-22.0155 5.91969
-22.0374 6.01816
-22.0716 6.13216
-22.1117 6.24351
-22.159 6.35514
-22.2085 6.46439
-22.255 6.57484
-22.2639 6.60727
-22.2695 6.63949
-22.2779 6.72176
-22.2882 6.82626
-22.2939 6.93437
-22.3004 7.04028
-22.3078 7.14691
-22.3146 7.25378
-22.3273 7.36078
-22.3424 7.46599
-22.3587 7.56983
-22.3645 7.6214
-22.3702 7.65443
-22.3776 7.67782
-22.3843 7.70682
-22.394 7.73184
-22.4024 7.75335
-22.4128 7.77569
-22.4266 7.79324
-22.4333 7.80911
-22.4426 7.82173
-22.4582 7.83616
-22.4736 7.84624
-22.4892 7.85493
-22.5069 7.86439
-22.523 7.86846
-22.5399 7.8713
-22.5511 7.87571
-22.5657 7.87872
-22.5848 7.88221
-22.6035 7.88376
-22.6282 7.88189
-22.6636 7.87454
-22.7097 7.8595
-22.7922 7.82243
-22.8998 7.77444
-22.9566 7.75628
-23.0194 7.74162
-23.0872 7.73115
-23.1934 7.72409
-23.2773 7.72398
-23.3442 7.72971
-23.3886 7.73518
-23.4265 7.74463
-23.457 7.75492
-23.4857 7.76677
-23.5135 7.77892
-23.5402 7.79464
-23.5644 7.81163
-23.588 7.83112
-23.61 7.85316
-23.6289 7.87451
-23.6454 7.89612
-23.6619 7.92057
-23.6825 7.96606
-23.7147 8.0472
-23.7506 8.15788
-23.7845 8.26743
-23.8215 8.37608
-23.8585 8.48556
-23.9011 8.59687
-23.9456 8.70492
-23.9919 8.81064
-24.0456 8.91721
-24.0957 9.02197
-24.1463 9.12817
-24.1872 9.1977
-24.2232 9.25214
-24.2492 9.28696
-24.2747 9.3136
-24.2974 9.33261
-24.3185 9.34702
-24.3391 9.35921
-24.3615 9.37119
-24.3823 9.38347
-24.4048 9.39137
-24.4286 9.39756
-24.4529 9.40164
-24.4753 9.40467
-24.4985 9.40574
-24.5244 9.40336
-24.6307 9.38596
-24.7361 9.36414
-24.8406 9.34575
-24.9104 9.33924
-24.9544 9.33897
-24.995 9.33887
-25.0273 9.3426
-25.0576 9.35032
-25.0863 9.35694
-25.1146 9.36472
-25.1393 9.37765
-25.1648 9.38943
-25.1858 9.40516
-25.2071 9.421
-25.2272 9.4422
-25.2455 9.46225
-25.2654 9.48849
-25.2906 9.52462
-25.3212 9.57763
-25.3428 9.63404
-25.3568 9.66353
-25.3663 9.68231
-25.3712 9.70015
-25.3775 9.71628
-25.3794 9.73217
-25.3781 9.75088
-25.3767 9.76841
-25.3721 9.78734
-25.3675 9.80468
-25.3604 9.82327
-25.3549 9.83764
-25.3436 9.85532
-25.3332 9.87218
-25.3113 9.89623
-25.282 9.92431
-25.236 9.96064
-25.1308 10.0343
-25.0338 10.1073
-24.9298 10.1879
-24.8385 10.2696
-24.7391 10.3587
-24.6545 10.436
-24.6274 10.4623
-24.6018 10.4859
-24.5688 10.5072
-24.5143 10.5368
-24.4188 10.5732
-24.3214 10.6085
-24.2229 10.6467
-24.125 10.687
-24.0851 10.7083
-24.044 10.7346
-23.9775 10.7846
-23.8843 10.8705
-23.7864 10.9569
-23.6944 11.0375
-23.6011 11.1174
-23.507 11.1954
-23.4151 11.2841
-23.3259 11.3873
-23.2392 11.4923
-23.1526 11.5948
-23.0648 11.6961
-22.98 11.7944
-22.8911 11.8872
-22.8585 11.9295
-22.8478 11.9517
-22.8361 11.9673
-22.8191 11.9795
-22.7959 11.9934
-22.7609 12.007
-22.7007 12.0238
-22.6015 12.0386
-22.5013 12.05
-22.4033 12.0641
-22.3041 12.0816
-22.2039 12.0996
-22.1034 12.1174
-22.0037 12.1381
-21.9053 12.1583
-21.8039 12.1759
-21.7041 12.1933
-21.6058 12.2144
-21.5066 12.2297
-21.4049 12.2441
-21.3048 12.2578
-21.2063 12.2752
-21.1037 12.2863
-21.0267 12.2957
-20.9972 12.3023
-20.962 12.3044
-20.9195 12.3019
-20.8825 12.2965
-20.85 12.2934
-20.8238 12.2908
-20.7968 12.2792
-20.7605 12.2621
-20.7187 12.2342
-20.6226 12.1597
-20.5285 12.0857
-20.4532 12.0215
-20.4185 11.9889
-20.3799 11.9452
-20.3153 11.857
-20.2543 11.7658
-20.1937 11.6826
-20.1754 11.6548
-20.1606 11.6262
-20.1479 11.5998
-20.1369 11.5639
-20.124 11.4982
-20.112 11.396
-20.1027 11.2911
-20.0955 11.1837
-20.0859 11.0779
-20.0782 10.974
-20.067 10.8694
-20.0542 10.7624
-20.0407 10.6595
-20.0325 10.5856
-20.0325 10.5288
-20.0362 10.4859
-20.0341 10.4628
-20.0326 10.4439
-20.0296 10.4266
-20.023 10.4104
-20.0017 10.3625
-19.9579 10.2787
-19.9059 10.1915
-19.8669 10.1249
-19.8533 10.098
-19.8438 10.0773
-19.8364 10.0523
-19.8338 10.0309
-19.8336 10.0112
-19.8332 9.99117
-19.8321 9.97138
-19.8341 9.95111
-19.8514 9.87731
-19.8898 9.74994
-19.9281 9.62081
-19.9612 9.49461
-19.991 9.36983
-20.0175 9.24635
-20.0237 9.21104
-20.0298 9.18041
-20.0761 9.06967
-20.134 8.94992
-20.192 8.8285
-20.2454 8.70467
-20.253 8.68839
-20.255 8.66813
-20.2562 8.64799
-20.2578 8.63067
-20.2598 8.61348
-20.2608 8.59662
-20.2576 8.58038
-20.2535 8.5613
-20.245 8.54584
-20.2353 8.51951
-20.2209 8.49866
-20.1894 8.45539
-20.1516 8.40914
-20.0946 8.34987
-20.0372 8.29128
-20.0246 8.28004
-20.0119 8.2666
-19.998 8.24551
-19.9682 8.18498
-19.9316 8.08482
-19.8955 7.98449
-19.8598 7.89394
-19.8503 7.87594
-19.8455 7.85652
-19.8404 7.81673
-19.8403 7.70625
-19.8422 7.5922
-19.8435 7.48231
-19.8436 7.36968
-19.8393 7.2587
-19.8293 7.14899
-19.8228 7.0407
-19.8138 6.9312
-19.8076 6.86644
-19.8048 6.8456
-19.8042 6.82989
-19.806 6.81075
-19.8097 6.79614
-19.8149 6.78119
-19.8283 6.75836
-19.8906 6.65562
-19.9516 6.55419
-20.0121 6.45194
-20.073 6.34992
-20.1308 6.24714
-20.1554 6.20021
-20.1709 6.16428
-20.182 6.1295
-20.1894 6.10062
-20.1933 6.06984
-20.1954 6.03702
-20.194 6.00115
-20.1912 5.97212
-20.185 5.94292
-20.1773 5.91393
-20.1678 5.88507
-20.156 5.85819
-20.1413 5.82973
-20.1243 5.80364
-20.106 5.77933
-20.0849 5.75658
-20.0592 5.73386
-20.0262 5.70639
-20.0071 5.69473
-19.9887 5.68339
-19.9704 5.67446
-19.9538 5.66924
-19.9363 5.66451
-19.9184 5.65997
-19.8877 5.65637
-19.7749 5.65454
-19.6842 5.64902
-19.6168 5.63737
-19.5484 5.61922
-19.4867 5.59613
-19.4311 5.57059
-19.3936 5.55059
-19.3378 5.51159
-19.2866 5.47167
-19.2488 5.43897
-19.2162 5.40417
-19.198 5.38064
-19.178 5.34978
-19.1276 5.26123
-19.082 5.17024
-19.0353 5.07896
-18.9969 5.00953
-18.9867 4.99162
-18.973 4.97633
-18.9605 4.96388
-18.9455 4.94937
-18.9302 4.93771
-18.9096 4.92453
-18.8676 4.90368
-18.8114 4.88197
-18.7634 4.86585
-18.7214 4.85645
-18.6863 4.85136
-18.6339 4.84621
-18.5678 4.84689
-18.4608 4.85482
-18.3567 4.86769
-18.2519 4.87907
-18.1807 4.88461
-18.156 4.88477
-18.1343 4.88126
-18.1137 4.87664
-18.0933 4.87111
-18.0673 4.86233
-17.9397 4.8044
-17.8199 4.74325
-17.773 4.71981
-17.7441 4.7036
-17.7213 4.6912
-17.702 4.67935
-17.6872 4.66512
-17.6737 4.65272
-17.6617 4.63948
-17.6503 4.62242
-17.6068 4.5273
-17.567 4.43239
-17.5243 4.33514
-17.4829 4.24211
-17.4414 4.15082
-17.4247 4.10813
-17.3999 4.00978
-17.3805 3.90718
-17.3661 3.84927
-17.3562 3.82718
-17.3495 3.80988
-17.3419 3.79389
-17.3325 3.77822
-17.3159 3.75726
-17.2892 3.72834
-17.2479 3.69014
-17.2029 3.65429
-17.1687 3.62903
-17.1405 3.61235
-17.1162 3.59973
-17.0934 3.59056
-17.0686 3.58389
-17.0428 3.57607
-17.0216 3.57238
-16.9926 3.56769
-16.9609 3.5667
-16.9287 3.56798
-16.8935 3.57412
-16.8552 3.58502
-16.8025 3.60398
-16.7584 3.62242
-16.7179 3.64496
-16.6783 3.67092
-16.6378 3.70551
-16.5604 3.78128
-16.4797 3.85685
-16.4168 3.91199
-16.39 3.93286
-16.3753 3.94512
-16.3588 3.95174
-16.3414 3.95798
-16.3252 3.96421
-16.3074 3.96965
-16.2887 3.97131
-16.2694 3.97179
-16.2364 3.96972
-16.1695 3.9632
-16.1193 3.95427
-16.0763 3.94358
-15.9867 3.90981
-15.8577 3.85791
-15.7281 3.8052
-15.6081 3.75181
-15.489 3.69742
-15.4203 3.66633
-15.4013 3.66205
-15.3832 3.65703
-15.3649 3.65233
-15.346 3.64857
-15.3275 3.64537
-15.3105 3.64549
-15.2944 3.6461
-15.2768 3.64816
-15.2609 3.65181
-15.2434 3.65693
-15.2271 3.66437
-15.2122 3.67427
-15.1953 3.6846
-15.1807 3.69734
-15.1664 3.71076
-15.1549 3.7262
-15.1424 3.74326
-15.1232 3.77724
-15.0647 3.89767
-15.0044 4.02268
-14.9654 4.09302
-14.9427 4.12608
-14.924 4.15223
-14.8993 4.17818
-14.8197 4.24803
-14.7355 4.3137
-14.6495 4.38417
-14.5652 4.45213
-14.4835 4.5218
-14.4041 4.59378
-14.3192 4.66538
-14.2312 4.73084
-14.1443 4.79005
-14.0602 4.84611
-13.9731 4.90364
-13.8894 4.96144
-13.8034 5.01822
-13.7593 5.04324
-13.7293 5.05907
-13.6457 5.08888
-13.5429 5.1135
-13.5063 5.12418
-13.4843 5.1325
-13.466 5.14289
-13.4473 5.15102
-13.4299 5.16118
-13.4134 5.17335
-13.4012 5.18779
-13.3885 5.20363
-13.3757 5.21927
-13.366 5.23571
-13.3582 5.25173
-13.3518 5.26988
-13.3456 5.29091
-13.3371 5.31136
-13.3323 5.34164
-13.3246 5.45451
-13.3222 5.56494
-13.3183 5.60865
-13.3158 5.62936
-13.3116 5.64835
-13.3039 5.66577
-13.2963 5.68049
-13.2873 5.69796
-13.2786 5.71429
-13.2673 5.72863
-13.2568 5.74258
-13.2427 5.75615
-13.2252 5.76735
-13.2059 5.77948
-13.1918 5.78991
-13.1727 5.79918
-13.1442 5.81231
-13.0828 5.83037
-13.0334 5.84201
-12.9819 5.85196
-12.925 5.85593
-12.8838 5.85734
-12.8609 5.85757
-12.8376 5.85509
-12.8084 5.8493
-12.7715 5.83789
-12.7398 5.8257
-12.688 5.8013
-12.6219 5.76359
-12.5812 5.73653
-12.5335 5.69771
-12.4824 5.6497
-12.427 5.59142
-12.368 5.51918
-12.3113 5.4405
-12.257 5.35809
-12.2126 5.27702
-12.1851 5.21387
-12.168 5.16989
-12.1542 5.12384
-12.1431 5.0728
-12.1283 5.00326
-12.1201 4.8831
-12.1111 4.75923
-12.1008 4.64068
-12.0897 4.52296
-12.073 4.40567
-12.0651 4.38619
-12.0641 4.36787
-12.0582 4.34961
-12.0566 4.33262
-12.0583 4.31666
-12.0617 4.30141
-12.0672 4.28489
-12.1024 4.22654
-12.1534 4.15124
-12.1635 4.13134
-12.1711 4.11266
-12.1777 4.09326
-12.1845 4.07016
-12.1888 4.03216
-12.191 3.9568
-12.188 3.82574
-12.1794 3.69881
-12.1745 3.5673
-12.172 3.43782
-12.1765 3.30235
-12.1748 3.23708
-12.1745 3.21445
-12.1772 3.19119
-12.1926 3.13855
-12.2147 3.08169
-12.2536 2.99767
-12.305 2.9071
-12.362 2.8195
-12.3779 2.79846
-12.3914 2.78327
-12.4114 2.76692
-12.4673 2.72279
-12.5189 2.68529
-12.5369 2.67119
-12.5518 2.65779
-12.5637 2.64238
-12.5748 2.62807
-12.5839 2.61204
-12.5929 2.59588
-12.5995 2.58013
-12.6027 2.56285
-12.6072 2.54462
-12.6077 2.52655
-12.6038 2.47882
-12.5992 2.35184
-12.5937 2.22959
-12.5888 2.1031
-12.5881 1.97634
-12.5887 1.90783
-12.5915 1.87487
-12.5939 1.85406
-12.5997 1.83634
-12.6075 1.81903
-12.6153 1.80357
-12.6221 1.78727
-12.6315 1.77341
-12.6425 1.76014
-12.6598 1.74671
-12.6725 1.73404
-12.6978 1.71445
-12.7518 1.68006
-12.8136 1.64664
-12.8801 1.61768
-12.9116 1.60692
-13.0228 1.57823
-13.1398 1.54993
-13.2541 1.52258
-13.3691 1.49465
-13.4828 1.46298
-13.5956 1.4323
-13.706 1.39676
-13.8153 1.36
-13.9214 1.32473
-13.9923 1.29876
-14.0206 1.28394
-14.0439 1.26839
-14.0895 1.23402
-14.1396 1.18962
-14.1945 1.13055
-14.2221 1.101
-14.2376 1.08131
-14.2501 1.06343
-14.262 1.04032
-14.2788 1.00348
-14.3043 0.919749
-14.318 0.865862
-14.3239 0.827714
-14.3269 0.795029
-14.3271 0.767229
-14.327 0.744223
-14.3235 0.721247
-14.3164 0.690417
-14.3067 0.658149
-14.2851 0.602914
-14.2399 0.509764
-14.1911 0.415001
-14.1395 0.325448
-14.1084 0.278482
-14.0861 0.248992
-14.0662 0.224526
-14.0425 0.201734
-14.0137 0.177874
-13.9725 0.149403
-13.9163 0.119053
-13.8112 0.0688964
-13.7104 0.0183844
-13.6796 0.000261623
-13.6611 -0.0156341
-13.6412 -0.0328059
-13.5682 -0.102659
-13.4972 -0.177956
-13.4264 -0.252866
-13.4042 -0.278761
-13.3486 -0.364692
-13.307 -0.428518
-13.2898 -0.450038
-13.2738 -0.467109
-13.2596 -0.483438
-13.2435 -0.49817
-13.2241 -0.511527
-13.1741 -0.538203
-13.0663 -0.58657
-12.955 -0.63064
-12.8425 -0.675938
-12.7302 -0.719856
-12.6264 -0.758769
-12.5625 -0.776989
-12.4599 -0.797819
-12.3681 -0.807248
-12.2428 -0.808936
-12.1262 -0.802569
-12.0126 -0.794123
-11.9203 -0.780053
-11.8159 -0.755913
-11.716 -0.724386
-11.6175 -0.684993
-11.5214 -0.639723
-11.4261 -0.596599
-11.3316 -0.554061
-11.2364 -0.516237
-11.1442 -0.474494
-11.053 -0.42726
-10.9608 -0.37823
-10.8903 -0.338894
-10.808 -0.279756
-10.7277 -0.21224
-10.6494 -0.143801
-10.5691 -0.0710479
-10.4891 -0.00595574
-10.4063 0.0557581
-10.3243 0.122029
-10.2406 0.1825
-10.1566 0.246216
-10.075 0.308385
-9.99327 0.366931
-9.90845 0.428136
-9.8232 0.492728
-9.77121 0.534975
-9.75461 0.548805
-9.68364 0.580204
-9.58669 0.614793
-9.48712 0.652445
-9.38655 0.68724
-9.32233 0.70573
-9.27981 0.715855
-9.19135 0.724593
-9.06886 0.730754
-8.94603 0.737774
-8.91341 0.735312
-8.88416 0.731305
-8.77038 0.709938
-8.64712 0.680793
-8.52051 0.651647
-8.39396 0.627381
-8.26603 0.605014
-8.13862 0.583501
-8.11986 0.582513
-8.1007 0.578043
-8.0843 0.571717
-8.06272 0.562141
-8.03282 0.545844
-7.98869 0.510559
-7.94128 0.471465
-7.90995 0.443813
-7.84587 0.366992
-7.78479 0.288463
-7.73878 0.231047
-7.72147 0.20324
-7.71028 0.185469
-7.7027 0.167587
-7.69631 0.15099
-7.69277 0.132975
-7.68969 0.117385
-7.68916 0.099462
-7.69023 0.0789954
-7.69616 0.0442234
-7.71458 -0.0290076
-7.74573 -0.140416
-7.76102 -0.208682
-7.76123 -0.230238
-7.75985 -0.252439
-7.75684 -0.270707
-7.75224 -0.288297
-7.74571 -0.30624
-7.73949 -0.323529
-7.7317 -0.341229
-7.71824 -0.366578
-7.69971 -0.396284
-7.63709 -0.479746
-7.59498 -0.530464
-7.57529 -0.551651
-7.56293 -0.567193
-7.54424 -0.581864
-7.45577 -0.635666
-7.36012 -0.690149
-7.27027 -0.742709
-7.17964 -0.795115
-7.09182 -0.850173
-7.04232 -0.880862
-7.02103 -0.898677
-7.00388 -0.91315
-6.98984 -0.926611
-6.97843 -0.94118
-6.96743 -0.954688
-6.95758 -0.969192
-6.94944 -0.98445
-6.94338 -1.00206
-6.93858 -1.01963
-6.93393 -1.03699
-6.93152 -1.05462
-6.9303 -1.0833
-6.93532 -1.12092
-6.94168 -1.16469
-6.94657 -1.18802
-6.95376 -1.20788
-6.96254 -1.22681
-6.97117 -1.24346
-6.98045 -1.25864
-6.9917 -1.27267
-7.00234 -1.28556
-7.01709 -1.29809
-7.05017 -1.32434
-7.12791 -1.38412
-7.1442 -1.39932
-7.15695 -1.41473
-7.16808 -1.43067
-7.17902 -1.44885
-7.19075 -1.47126
-7.20011 -1.49624
-7.20867 -1.52919
-7.21849 -1.57593
-7.2325 -1.6923
-7.24521 -1.81209
-7.2587 -1.92857
-7.27386 -2.04641
-7.29518 -2.13948
-7.32659 -2.24557
-7.34772 -2.34671
-7.35681 -2.39963
-7.36288 -2.45037
-7.36375 -2.49883
-7.3588 -2.5427
-7.35549 -2.57642
-7.34899 -2.60926
-7.33796 -2.63893
-7.31412 -2.68826
-7.27672 -2.75277
-7.21803 -2.84164
-7.17992 -2.89685
-7.15785 -2.93077
-7.13593 -2.95687
-7.08821 -2.99723
-7.00292 -3.05556
-6.92077 -3.11434
-6.83776 -3.17331
-6.75569 -3.23205
-6.687 -3.27259
-6.63148 -3.30393
-6.56655 -3.33309
-6.48536 -3.35687
-6.39843 -3.37664
-6.32011 -3.39036
-6.2315 -3.3983
-6.1409 -3.39846
-6.0073 -3.38942
-5.87549 -3.37659
-5.74033 -3.36783
-5.60844 -3.35918
-5.57369 -3.35769
-5.54642 -3.36071
-5.52431 -3.36214
-5.49859 -3.3666
-5.46696 -3.37553
-5.43247 -3.38797
-5.38388 -3.41274
-5.29214 -3.46749
-5.20544 -3.52328
-5.11367 -3.57317
-5.0706 -3.59718
-5.04998 -3.61148
-5.03186 -3.62754
-5.00854 -3.64832
-4.96599 -3.69181
-4.90417 -3.77701
-4.84111 -3.85766
-4.80592 -3.90811
-4.78441 -3.943
-4.77362 -3.96715
-4.75632 -4.02038
-4.72103 -4.14691
-4.70639 -4.21553
-4.70347 -4.25599
-4.69755 -4.3019
-4.69033 -4.3482
-4.68837 -4.37402
-4.69056 -4.39336
-4.71749 -4.48604
-4.75178 -4.58662
-4.78058 -4.68862
-4.80418 -4.79414
-4.82944 -4.89937
-4.85325 -5.00553
-4.87434 -5.10954
-4.89661 -5.21603
-4.91643 -5.32141
-4.93343 -5.42881
-4.95069 -5.53888
-4.9654 -5.65118
-4.97537 -5.76443
-4.98594 -5.87935
-4.99633 -5.98987
-4.99771 -6.01224
-4.99519 -6.03067
-4.99317 -6.0507
-4.9901 -6.06839
-4.98646 -6.08622
-4.97744 -6.10213
-4.96939 -6.11822
-4.95958 -6.1328
-4.9474 -6.14695
-4.9331 -6.15971
-4.91839 -6.17263
-4.89894 -6.18737
-4.86993 -6.20433
-4.84015 -6.22229
-4.80622 -6.23642
-4.7708 -6.24888
-4.73144 -6.25965
-4.69278 -6.26761
-4.571 -6.27774
-4.51809 -6.28372
-4.49805 -6.28947
-4.47992 -6.29632
-4.4637 -6.30308
-4.44842 -6.3136
-4.4329 -6.32361
-4.41627 -6.33465
-4.40222 -6.34641
-4.38864 -6.35941
-4.37402 -6.37251
-4.36176 -6.38795
-4.35175 -6.40531
-4.30368 -6.50879
-4.27732 -6.57453
-4.26999 -6.59722
-4.26353 -6.61899
-4.25326 -6.6888
-4.24366 -6.78636
-4.2358 -6.81393
-4.22452 -6.83617
-4.21467 -6.85867
-4.20474 -6.88041
-4.19013 -6.90282
-4.1772 -6.92255
-4.14517 -6.95836
-4.07089 -7.02988
-3.99405 -7.09731
-3.92472 -7.1542
-3.88121 -7.18719
-3.81282 -7.22755
-3.72565 -7.26942
-3.62426 -7.30622
-3.52039 -7.34146
-3.48714 -7.35219
-3.4532 -7.36744
-3.3642 -7.41809
-3.32055 -7.44189
-3.30099 -7.45297
-3.28144 -7.46255
-3.26077 -7.46753
-3.24346 -7.4725
-3.22518 -7.47513
-3.16802 -7.47408
-3.0307 -7.46434
-2.88786 -7.45344
-2.75 -7.44956
-2.61325 -7.44584
-2.55872 -7.4381
-2.49409 -7.42643
-2.41755 -7.40647
-2.32907 -7.37325
-2.22813 -7.33166
-2.13539 -7.28278
-2.04263 -7.23161
-1.955 -7.17067
-1.88993 -7.12486
-1.83012 -7.07048
-1.77363 -7.0144
-1.72786 -6.95767
-1.68495 -6.90417
-1.65567 -6.85983
-1.6317 -6.81627
-1.61283 -6.77818
-1.60148 -6.73998
-1.58569 -6.70634
-1.57865 -6.6828
-1.56907 -6.66913
-1.57127 -6.64979
-1.57119 -6.63189
-1.56979 -6.61736
-1.57246 -6.59883
-1.57572 -6.58447
-1.58084 -6.5696
-1.58716 -6.55409
-1.59728 -6.54129
-1.60799 -6.52744
-1.61908 -6.51171
-1.63145 -6.49933
-1.64613 -6.48712
-1.66169 -6.47434
-1.67808 -6.46388
-1.69289 -6.4589
-1.70936 -6.45262
-1.72685 -6.44839
-1.7454 -6.44642
-1.76336 -6.44721
-1.78254 -6.44953
-1.80013 -6.45097
-1.81901 -6.45245
-1.86606 -6.46196
-1.94411 -6.48191
-1.96372 -6.48147
-1.98306 -6.48134
-2.00215 -6.48089
-2.02261 -6.48132
-2.0414 -6.47494
-2.06033 -6.46763
-2.07878 -6.46154
-2.09707 -6.45541
-2.11556 -6.4449
-2.13376 -6.43209
-2.15159 -6.41606
-2.18193 -6.38298
-2.21605 -6.3424
-2.23909 -6.31034
-2.26263 -6.2722
-2.30746 -6.1775
-2.35204 -6.08009
-2.39738 -5.98817
-2.44546 -5.89373
-2.48699 -5.80959
-2.50286 -5.77188
-2.51555 -5.73199
-2.52407 -5.69687
-2.53176 -5.6593
-2.5405 -5.59976
-2.53887 -5.4658
-2.53827 -5.32601
-2.53755 -5.19059
-2.53106 -5.10502
-2.52906 -5.06751
-2.53078 -5.04395
-2.51192 -4.9783
-2.46672 -4.87546
-2.45056 -4.84185
-2.40232 -4.74318
-2.35006 -4.64981
-2.30506 -4.57566
-2.28648 -4.55139
-2.26784 -4.5314
-2.22366 -4.48489
-2.18541 -4.44912
-2.15757 -4.43153
-2.11154 -4.40775
-2.03349 -4.3661
-1.94823 -4.33037
-1.91853 -4.31848
-1.89677 -4.31124
-1.87591 -4.30627
-1.84421 -4.30072
-1.78104 -4.30018
-1.71504 -4.30194
-1.68681 -4.30359
-1.6617 -4.30815
-1.64004 -4.31222
-1.61095 -4.32035
-1.58059 -4.33154
-1.54036 -4.35233
-1.47789 -4.39464
-1.39828 -4.45319
-1.32177 -4.51828
-1.2417 -4.58357
-1.15964 -4.64519
-1.07656 -4.70658
-0.997497 -4.76648
-0.978673 -4.78062
-0.964442 -4.79189
-0.925049 -4.83521
-0.877011 -4.90165
-0.83106 -4.96769
-0.79749 -5.02912
-0.746987 -5.13958
-0.695492 -5.24859
-0.643926 -5.36079
-0.587421 -5.46951
-0.530296 -5.57838
-0.469037 -5.68559
-0.409616 -5.79566
-0.354834 -5.9119
-0.300155 -6.04069
-0.250562 -6.16488
-0.198223 -6.29056
-0.147292 -6.41204
-0.132774 -6.42931
-0.114618 -6.44454
-0.0949194 -6.45696
-0.0779243 -6.46766
-0.0650581 -6.4799
-0.048417 -6.48825
-0.0339381 -6.49806
-0.0156584 -6.50459
0.00488608 -6.51127
0.0244042 -6.51385
0.0403513 -6.51829
0.0609254 -6.52066
0.0774493 -6.52124
0.0992331 -6.51771
0.116787 -6.51599
0.13651 -6.51136
0.169998 -6.50045
0.29163 -6.45549
0.337701 -6.43921
0.359548 -6.43506
0.379834 -6.43478
0.400149 -6.43562
0.418063 -6.43586
0.436352 -6.43769
0.455708 -6.43953
0.473642 -6.44367
0.4916 -6.45022
0.526745 -6.46718
0.590581 -6.50148
0.676448 -6.55922
0.760861 -6.61729
0.844932 -6.67469
0.880419 -6.70376
0.895875 -6.71568
0.909505 -6.7312
0.922047 -6.74868
0.934719 -6.76446
0.944246 -6.782
0.969226 -6.83979
1.01689 -6.96801
1.06502 -7.09548
1.1168 -7.22236
1.16635 -7.3451
1.21846 -7.47088
1.27409 -7.58951
1.32294 -7.71188
1.38358 -7.82826
1.44242 -7.94869
1.49979 -8.07228
1.55042 -8.17595
1.60601 -8.26259
1.64192 -8.31179
1.66973 -8.35273
1.69987 -8.38057
1.72994 -8.41017
1.76313 -8.43894
1.79956 -8.46131
1.83163 -8.48435
1.86962 -8.50102
1.9043 -8.51329
1.93829 -8.52352
1.97074 -8.52989
2.00377 -8.53472
2.03782 -8.53318
2.13027 -8.52453
2.25457 -8.51126
2.37745 -8.49976
2.50282 -8.48905
2.5551 -8.48584
2.58734 -8.48029
2.62367 -8.47258
2.68214 -8.45444
2.7918 -8.40487
2.89922 -8.35339
2.9548 -8.32411
2.99468 -8.29982
3.02592 -8.27681
3.06938 -8.23838
3.10265 -8.20356
3.14976 -8.14273
3.20683 -8.06088
3.2658 -7.97381
3.32312 -7.89067
3.37999 -7.8067
3.43794 -7.72433
3.49711 -7.64087
3.55803 -7.55816
3.61819 -7.47599
3.68114 -7.39169
3.74167 -7.3103
3.80474 -7.22655
3.86637 -7.14299
3.89039 -7.10855
3.9619 -7.03092
4.00221 -6.99199
4.01712 -6.97528
4.03675 -6.96208
4.13629 -6.90449
4.23132 -6.85
4.25231 -6.83988
4.26788 -6.82941
4.28949 -6.81815
4.4144 -6.79552
4.53957 -6.77589
4.66775 -6.75143
4.79794 -6.72341
4.86131 -6.70531
4.90055 -6.69017
4.92936 -6.67684
4.95806 -6.66333
4.99426 -6.63856
5.03241 -6.60781
5.07377 -6.56935
5.11453 -6.52553
5.15281 -6.476
5.17958 -6.43638
5.19847 -6.40599
5.21413 -6.37272
5.226 -6.34808
5.23509 -6.32
5.24332 -6.28952
5.24819 -6.25972
5.2515 -6.22773
5.2508 -6.19739
5.24937 -6.1665
5.24202 -6.12887
5.2315 -6.09141
5.21599 -6.04938
5.19614 -6.00834
5.17406 -5.96802
5.15265 -5.93606
5.12995 -5.90966
5.10792 -5.88348
5.08758 -5.86346
5.06026 -5.84237
5.03873 -5.82776
5.00969 -5.8132
4.98017 -5.80126
4.95287 -5.79173
4.92541 -5.78509
4.89747 -5.77965
4.86959 -5.77769
4.83848 -5.77858
4.80881 -5.78253
4.77892 -5.78744
4.74946 -5.79547
4.71892 -5.8058
4.69052 -5.81704
4.66385 -5.82932
4.63734 -5.84434
4.61417 -5.86078
4.58964 -5.88241
4.56925 -5.90199
4.54995 -5.92346
4.53347 -5.9452
4.51736 -5.96899
4.50106 -6.00115
4.48598 -6.03704
4.47348 -6.07255
4.46259 -6.11286
4.45205 -6.1788
4.43976 -6.29895
4.42508 -6.41699
4.41004 -6.53853
4.39156 -6.65698
4.3715 -6.7735
4.34944 -6.85907
4.3294 -6.90076
4.31135 -6.92337
4.28238 -6.96444
4.24834 -7.00431
4.17787 -7.07961
4.10243 -7.14979
4.04838 -7.19265
4.01266 -7.21834
3.94711 -7.25112
3.84974 -7.29826
3.7523 -7.34569
3.65462 -7.39461
3.56279 -7.44466
3.46809 -7.49227
3.37527 -7.54271
3.33509 -7.56301
3.23053 -7.60359
3.1193 -7.63782
3.00838 -7.67018
2.90225 -7.70336
2.79261 -7.74054
2.68549 -7.78113
2.57683 -7.81776
2.47152 -7.86068
2.38569 -7.8956
2.32096 -7.91599
2.28558 -7.92609
2.22517 -7.93402
2.16552 -7.93875
2.10566 -7.93915
1.98477 -7.9275
1.86486 -7.91796
1.77753 -7.90543
1.66563 -7.88095
1.55949 -7.85058
1.4563 -7.81709
1.35791 -7.77749
1.26077 -7.73681
1.19097 -7.70903
1.12911 -7.67372
1.04336 -7.61676
0.961303 -7.56137
0.876437 -7.50701
0.786791 -7.45577
0.691656 -7.4087
0.596329 -7.36556
0.504054 -7.32093
0.413274 -7.27805
0.350489 -7.24288
0.299021 -7.20832
0.249397 -7.17194
0.214696 -7.13687
0.182494 -7.10265
0.114142 -7.01987
0.0506341 -6.93712
-0.0115821 -6.85003
-0.0743933 -6.763
-0.141659 -6.67818
-0.208482 -6.59501
-0.279637 -6.51543
-0.350022 -6.43589
-0.420993 -6.35477
-0.492786 -6.27811
-0.568986 -6.19999
-0.64801 -6.13073
-0.726753 -6.06375
-0.811287 -6.00273
-0.89199 -5.93753
-0.973636 -5.87358
-1.05634 -5.80367
-1.13773 -5.73795
-1.21927 -5.66951
-1.3017 -5.60486
-1.38103 -5.53731
-1.45842 -5.46821
-1.53425 -5.39794
-1.57701 -5.35501
-1.64632 -5.27077
-1.71462 -5.18024
-1.73238 -5.15839
-1.75201 -5.13852
-1.80892 -5.09038
-1.89002 -5.0284
-1.93385 -4.99082
-1.97152 -4.95665
-1.99578 -4.93013
-2.0138 -4.9093
-2.02859 -4.88777
-2.04476 -4.86074
-2.06244 -4.81263
-2.10387 -4.68008
-2.145 -4.54751
-2.1638 -4.48475
-2.17289 -4.45235
-2.17802 -4.41993
-2.18172 -4.376
-2.18224 -4.33203
-2.17634 -4.28303
-2.16723 -4.22852
-2.14992 -4.1588
-2.12399 -4.08297
-2.10552 -4.02953
-2.09109 -3.99435
-2.07437 -3.96292
-2.05053 -3.93153
-2.0166 -3.89442
-1.94093 -3.81795
-1.88635 -3.75446
-1.81959 -3.67228
